Sabang Beach,Ditumabo Falls,Baler Church,Baler Museum,Ermita Hill,Diguisit Beach,Diguisit Rock Formations,Cemento Beach,Dicasalarin Cove,Lukso-Lukso Islets